
resnet50   pisc_fine 6 epoch 
tp:  {0: 547, 1: 65, 2: 16, 3: 193, 4: 17, 5: 37}
p:  {0: 2645, 1: 352, 2: 249, 3: 478, 4: 129, 5: 108}
r:  {0: 790, 1: 677, 2: 256, 3: 858, 4: 354, 5: 1026}
precision:  {0: 0.20680529300567108, 1: 0.1846590909090909, 2: 0.0642570281124498, 3: 0.40376569037656906, 4: 0.13178294573643412, 5: 0.3425925925925926}
recall:  {0: 0.6924050632911393, 1: 0.09601181683899557, 2: 0.0625, 3: 0.22494172494172493, 4: 0.0480225988700565, 5: 0.036062378167641324}

